world: spigot_1_13_2_122858
p1:
  ==: Vector
  x: 621.0
  y: 0.0
  z: 90.0
p2:
  ==: Vector
  x: 690.0
  y: 76.0
  z: 139.0
gameleveldestroydelay: 8
loselevel:
  p1:
    ==: Vector
    x: 621.0
    y: 0.0
    z: 90.0
  p2:
    ==: Vector
    x: 690.0
    y: 0.0
    z: 139.0
spawnpoint:
  ==: Vector
  x: 656.6915748451366
  y: 38.0
  z: 114.17632519605277
spectatorspawn:
  ==: Vector
  x: 656.6915748451366
  y: 56.276902426528274
  z: 114.17632519605277
maxPlayers: 30
minPlayers: 2
votePercent: 0.75
timelimit: 300
countdown: 30
teleportto: PREVIOUS
damageenabled: 'NO'
enableKits: false
regenerationdelay: 60
joinfee: 0.0
reward:
  money: 25
  xp: 0
