world: spigot_1_13_2_122858
p1:
  ==: Vector
  x: 626.0
  y: 0.0
  z: -296.0
p2:
  ==: Vector
  x: 695.0
  y: 64.0
  z: -227.0
gameleveldestroydelay: 8
loselevel:
  p1:
    ==: Vector
    x: 626.0
    y: 0.0
    z: -296.0
  p2:
    ==: Vector
    x: 695.0
    y: 0.0
    z: -227.0
spawnpoint:
  ==: Vector
  x: 660.4362970836369
  y: 24.0
  z: -261.58486052529804
spectatorspawn:
  ==: Vector
  x: 660.4362970836369
  y: 33.23973033803447
  z: -261.58486052529804
maxPlayers: 15
minPlayers: 2
votePercent: 0.75
timelimit: 300
countdown: 30
teleportto: PREVIOUS
damageenabled: 'NO'
enableKits: false
regenerationdelay: 60
joinfee: 0.0
reward:
  money: 25
  xp: 0
