world: spigot_1_13_2_122858
p1:
  ==: Vector
  x: 583.0
  y: 0.0
  z: 260.0
p2:
  ==: Vector
  x: 651.0
  y: 65.0
  z: 328.0
gameleveldestroydelay: 8
loselevel:
  p1:
    ==: Vector
    x: 583.0
    y: 0.0
    z: 260.0
  p2:
    ==: Vector
    x: 651.0
    y: 0.0
    z: 328.0
spawnpoint:
  ==: Vector
  x: 617.2648136980624
  y: 30.0
  z: 294.2726181798569
spectatorspawn:
  ==: Vector
  x: 617.2648136980624
  y: 35.86697940857773
  z: 294.2726181798569
maxPlayers: 15
minPlayers: 2
votePercent: 0.75
timelimit: 300
countdown: 30
teleportto: PREVIOUS
damageenabled: 'NO'
enableKits: false
regenerationdelay: 60
joinfee: 0.0
reward:
  money: 25
  xp: 0
