world: spigot_1_13_2_122858
p1:
  ==: Vector
  x: 419.0
  y: 0.0
  z: -210.0
p2:
  ==: Vector
  x: 479.0
  y: 76.0
  z: -150.0
gameleveldestroydelay: 8
loselevel:
  p1:
    ==: Vector
    x: 419.0
    y: 0.0
    z: -210.0
  p2:
    ==: Vector
    x: 479.0
    y: 0.0
    z: -150.0
spawnpoint:
  ==: Vector
  x: 449.6100463216225
  y: 46.0
  z: -179.99964305447486
spectatorspawn:
  ==: Vector
  x: 449.6100463216225
  y: 56.041144806360535
  z: -179.99964305447486
maxPlayers: 30
minPlayers: 2
votePercent: 0.75
timelimit: 300
countdown: 30
teleportto: PREVIOUS
damageenabled: 'NO'
enableKits: false
regenerationdelay: 60
joinfee: 0.0
reward:
  money: 25
  xp: 0
