world: spigot_1_13_2_122858
p1:
  ==: Vector
  x: 406.0
  y: 0.0
  z: 268.0
p2:
  ==: Vector
  x: 454.0
  y: 51.0
  z: 316.0
gameleveldestroydelay: 8
loselevel:
  p1:
    ==: Vector
    x: 406.0
    y: 0.0
    z: 268.0
  p2:
    ==: Vector
    x: 454.0
    y: 0.0
    z: 316.0
spawnpoint:
  ==: Vector
  x: 439.2524485474701
  y: 45.0
  z: 292.5846578702909
spectatorspawn:
  ==: Vector
  x: 439.2524485474701
  y: 45.0
  z: 292.5846578702909
maxPlayers: 10
minPlayers: 2
votePercent: 0.75
timelimit: 300
countdown: 30
teleportto: PREVIOUS
damageenabled: 'NO'
enableKits: false
regenerationdelay: 60
joinfee: 0.0
reward:
  money: 25
  xp: 0
