world: spigot_1_13_2_122858
p1:
  ==: Vector
  x: 179.0
  y: 0.0
  z: 213.0
p2:
  ==: Vector
  x: 289.0
  y: 107.0
  z: 323.0
gameleveldestroydelay: 8
loselevel:
  p1:
    ==: Vector
    x: 179.0
    y: 0.0
    z: 213.0
  p2:
    ==: Vector
    x: 289.0
    y: 0.0
    z: 323.0
spawnpoint:
  ==: Vector
  x: 235.03401870508475
  y: 67.0
  z: 268.53620213706233
spectatorspawn:
  ==: Vector
  x: 235.03401870508475
  y: 75.11484654917126
  z: 268.53620213706233
maxPlayers: 30
minPlayers: 2
votePercent: 0.75
timelimit: 300
countdown: 30
teleportto: PREVIOUS
damageenabled: 'NO'
enableKits: false
regenerationdelay: 60
joinfee: 0.0
reward:
  money: 25
  xp: 0
