world: spigot_1_13_2_122858
p1:
  ==: Vector
  x: 250.0
  y: 0.0
  z: -70.0
p2:
  ==: Vector
  x: 282.0
  y: 55.0
  z: -38.0
gameleveldestroydelay: 8
loselevel:
  p1:
    ==: Vector
    x: 250.0
    y: 0.0
    z: -70.0
  p2:
    ==: Vector
    x: 282.0
    y: 0.0
    z: -38.0
spawnpoint:
  ==: Vector
  x: 266.6826091647166
  y: 42.0
  z: -53.407526690833855
spectatorspawn:
  ==: Vector
  x: 266.6826091647166
  y: 47.200000047683716
  z: -53.407526690833855
maxPlayers: 10
minPlayers: 2
votePercent: 0.75
timelimit: 300
countdown: 30
teleportto: PREVIOUS
damageenabled: 'NO'
enableKits: false
regenerationdelay: 60
joinfee: 0.0
reward:
  money: 25
  xp: 0
