spawns: 
  default: 
    world: TNTRun_world
    x: -228.3563429857601
    y: 26.0
    z: 295.4599949023862
    yaw: 272.0517
    pitch: -3.899873
